3600507
3600603
3600642
3600645
3600658
3600660
3600671
3600687
3600709
3600725
3600728
3600729
3600734
3600765
3600775
3600780
3600796
3600801
3603543
3604512
3604684
3700519
3700539
3700545
3700548
3700560
3700561
3700571
3700642
3700655
3700658
3700686
3700694
3700723
3700743
3700823
3700830
3700843
3700848
3700857
3704516
3704614
3800516
3800528
3800545
3800547
3800569
3800572
3800573
3800574
3800606
3800618
3800639
3800651
3800659
3800660
3800663
3800667
3800688
3800712
3800715
3800720
3800740
3800749
3800755
3800757
3800798
3800800
3800822
3800838
3800840
3800861
3800879
3800881
3800890
3800893
3800902
3800920
3800924
3800925
3800930
3800939
3800959
3800966
3800968
3800970
3800981
3800989
3800994
3800996
3801012
3801018
3801038
3801062
3801066
3801073
3801078
3801082
3801101
3801104
